*************************
****  FINAL RESULTS  ****
*************************
mf, median scores
	OPS: 17.500513	10.278567	23.986934
	TPS: 5.281919	22.615927	3.794087
	IPS: 26.655185	62.218465	67.847171
	APS: 22.853810	27.975770	6.746069
	ISR: -0.668648	-1.343452	-1.975618
	SIR: -3.188758	-0.440017	-1.920470
	SAR: 4.742202	4.047159	2.203852
	SDR: -2.346913	-1.648602	-2.991915
	qTarget: 0.745582	0.816113	0.684461
	qInterf: 0.662350	0.869137	0.805204
	qArtif: 0.919928	0.911343	0.815076
	qGlobal: 0.491531	0.334619	0.575874
mf-cqt2, median scores
	OPS: 17.500513	12.549117	26.533377
	TPS: 5.281919	8.980980	21.546649
	IPS: 26.655185	36.570987	36.870710
	APS: 22.853810	24.206906	34.682242
	ISR: -0.668648	-0.127394	-0.987993
	SIR: -3.188758	0.176434	-1.255448
	SAR: 4.742202	4.970029	6.149633
	SDR: -2.346913	-0.343902	-2.631674
	qTarget: 0.745582	0.764669	0.838297
	qInterf: 0.662350	0.731577	0.787074
	qArtif: 0.919928	0.913619	0.946606
	qGlobal: 0.491531	0.388599	0.642168
hybrid, median scores
	OPS: 17.500513	12.028911	26.533377
	TPS: 5.281919	19.498308	21.546649
	IPS: 26.655185	42.447410	36.870710
	APS: 22.853810	29.994966	34.682242
	ISR: -0.668648	-1.176604	-0.987993
	SIR: -3.188758	-1.019284	-1.255448
	SAR: 4.742202	4.796066	6.149633
	SDR: -2.346913	-1.682090	-2.631674
	qTarget: 0.745582	0.843642	0.838297
	qInterf: 0.662350	0.767280	0.787074
	qArtif: 0.919928	0.913078	0.946606
	qGlobal: 0.491531	0.376727	0.642168
