*************************
****  FINAL RESULTS  ****
*************************
id, median scores
	OPS: 15.888072	37.651893
	TPS: 0.008072	0.203222
	IPS: 95.575557	87.884893
	APS: 0.570162	0.471835
	ISR: -0.260674	-0.148365
	SIR: 8.735305	6.514930
	SAR: 1.771581	1.637403
	SDR: -0.538019	-0.183479
	qTarget: 0.268977	0.474121
	qInterf: 0.946120	0.865481
	qArtif: 0.719852	0.665461
	qGlobal: 0.100737	0.351055
hybrid, median scores
	OPS: 26.326361	19.346361
	TPS: 17.053167	14.548889
	IPS: 49.569324	66.881940
	APS: 28.390571	18.839147
	ISR: -0.617766	-1.093069
	SIR: -2.267968	2.428093
	SAR: 3.418157	3.249560
	SDR: -2.100695	-1.412955
	qTarget: 0.809555	0.784835
	qInterf: 0.792337	0.847061
	qArtif: 0.915613	0.878848
	qGlobal: 0.662045	0.505675
